[0.02380952 0.02380952 0.02380952 0.02380952 0.01190476 0.01190476
 0.01190476 0.01190476 0.00793651 0.00793651 0.00793651 0.00793651
 0.01587302 0.01587302 0.04761905 0.01587302 0.02380952 0.02380952
 0.02380952 0.02380952 0.01190476 0.01190476 0.01190476 0.01190476
 0.00793651 0.00793651 0.00793651 0.00793651 0.00793651 0.00793651
 0.00793651 0.00793651 0.02380952 0.02380952 0.02380952 0.02380952
 0.01190476 0.01190476 0.01190476 0.01190476 0.01190476 0.01190476
 0.01190476 0.01190476 0.01190476 0.01190476 0.01190476 0.01190476
 0.01587302 0.02380952 0.01587302 0.02380952 0.00793651 0.00793651
 0.00793651 0.00793651 0.01587302 0.02380952 0.04761905 0.02380952
 0.00793651 0.02380952 0.00793651 0.02380952]